<!DOCTYPE html>
<!-- Generated by pkgdown: do not edit by hand --><html lang="en"><head><meta http-equiv="Content-Type" content="text/html; charset=UTF-8"><meta charset="utf-8"><meta http-equiv="X-UA-Compatible" content="IE=edge"><meta name="viewport" content="width=device-width, initial-scale=1, shrink-to-fit=no"><title>Demonstrate the SVD for a 3 x 3 matrix — svdDemo • matlib</title><!-- favicons --><link rel="icon" type="image/png" sizes="16x16" href="../favicon-16x16.png"><link rel="icon" type="image/png" sizes="32x32" href="../favicon-32x32.png"><link rel="apple-touch-icon" type="image/png" sizes="180x180" href="../apple-touch-icon.png"><link rel="apple-touch-icon" type="image/png" sizes="120x120" href="../apple-touch-icon-120x120.png"><link rel="apple-touch-icon" type="image/png" sizes="76x76" href="../apple-touch-icon-76x76.png"><link rel="apple-touch-icon" type="image/png" sizes="60x60" href="../apple-touch-icon-60x60.png"><script src="../deps/jquery-3.6.0/jquery-3.6.0.min.js"></script><meta name="viewport" content="width=device-width, initial-scale=1, shrink-to-fit=no"><link href="../deps/bootstrap-5.3.1/bootstrap.min.css" rel="stylesheet"><script src="../deps/bootstrap-5.3.1/bootstrap.bundle.min.js"></script><link href="../deps/Roboto-0.4.9/font.css" rel="stylesheet"><link href="../deps/JetBrains_Mono-0.4.9/font.css" rel="stylesheet"><link href="../deps/Roboto_Slab-0.4.9/font.css" rel="stylesheet"><link href="../deps/font-awesome-6.5.2/css/all.min.css" rel="stylesheet"><link href="../deps/font-awesome-6.5.2/css/v4-shims.min.css" rel="stylesheet"><script src="../deps/headroom-0.11.0/headroom.min.js"></script><script src="../deps/headroom-0.11.0/jQuery.headroom.min.js"></script><script src="../deps/bootstrap-toc-1.0.1/bootstrap-toc.min.js"></script><script src="../deps/clipboard.js-2.0.11/clipboard.min.js"></script><script src="../deps/search-1.0.0/autocomplete.jquery.min.js"></script><script src="../deps/search-1.0.0/fuse.min.js"></script><script src="../deps/search-1.0.0/mark.min.js"></script><!-- pkgdown --><script src="../pkgdown.js"></script><meta property="og:title" content="Demonstrate the SVD for a 3 x 3 matrix — svdDemo"><meta name="description" content="This function draws an rgl scene consisting of a representation of the identity matrix and a
3 x 3 matrix A, together with the corresponding representation of the
matrices U, D, and V in the SVD decomposition,
A = U D V'."><meta property="og:description" content="This function draws an rgl scene consisting of a representation of the identity matrix and a
3 x 3 matrix A, together with the corresponding representation of the
matrices U, D, and V in the SVD decomposition,
A = U D V'."><meta property="og:image" content="http://friendly.github.io/matlib/logo.png"><!-- dependencies from examples --><script src="libs/htmlwidgets-1.6.4/htmlwidgets.js"></script><script src="libs/rglWebGL-binding-1.3.14/rglWebGL.js"></script><link href="libs/rglwidgetClass-1.3.14/rgl.css" rel="stylesheet"><script src="libs/rglwidgetClass-1.3.14/rglClass.src.js"></script><script src="libs/rglwidgetClass-1.3.14/utils.src.js"></script><script src="libs/rglwidgetClass-1.3.14/buffer.src.js"></script><script src="libs/rglwidgetClass-1.3.14/subscenes.src.js"></script><script src="libs/rglwidgetClass-1.3.14/shaders.src.js"></script><script src="libs/rglwidgetClass-1.3.14/shadersrc.src.js"></script><script src="libs/rglwidgetClass-1.3.14/textures.src.js"></script><script src="libs/rglwidgetClass-1.3.14/projection.src.js"></script><script src="libs/rglwidgetClass-1.3.14/mouse.src.js"></script><script src="libs/rglwidgetClass-1.3.14/init.src.js"></script><script src="libs/rglwidgetClass-1.3.14/pieces.src.js"></script><script src="libs/rglwidgetClass-1.3.14/draw.src.js"></script><script src="libs/rglwidgetClass-1.3.14/controls.src.js"></script><script src="libs/rglwidgetClass-1.3.14/selection.src.js"></script><script src="libs/rglwidgetClass-1.3.14/rglTimer.src.js"></script><script src="libs/rglwidgetClass-1.3.14/pretty.src.js"></script><script src="libs/rglwidgetClass-1.3.14/axes.src.js"></script><script src="libs/rglwidgetClass-1.3.14/animation.src.js"></script><script src="libs/CanvasMatrix4-1.3.14/CanvasMatrix.src.js"></script><link rel="stylesheet" href="https://cdn.jsdelivr.net/npm/katex@0.16.11/dist/katex.min.css" integrity="sha384-nB0miv6/jRmo5UMMR1wu3Gz6NLsoTkbqJghGIsx//Rlm+ZU03BU6SQNC66uf4l5+" crossorigin="anonymous"><script defer src="https://cdn.jsdelivr.net/npm/katex@0.16.11/dist/katex.min.js" integrity="sha384-7zkQWkzuo3B5mTepMUcHkMB5jZaolc2xDwL6VFqjFALcbeS9Ggm/Yr2r3Dy4lfFg" crossorigin="anonymous"></script><script defer src="https://cdn.jsdelivr.net/npm/katex@0.16.11/dist/contrib/auto-render.min.js" integrity="sha384-43gviWU0YVjaDtb/GhzOouOXtZMP/7XUzwPTstBeZFe/+rCMvRwr4yROQP43s0Xk" crossorigin="anonymous" onload="renderMathInElement(document.body);"></script></head><body>
    <a href="#main" class="visually-hidden-focusable">Skip to contents</a>


    <nav class="navbar navbar-expand-lg fixed-top bg-light" data-bs-theme="light" aria-label="Site navigation"><div class="container">

    <a class="navbar-brand me-2" href="../index.html">matlib</a>

    <small class="nav-text text-muted me-auto" data-bs-toggle="tooltip" data-bs-placement="bottom" title="">1.0.1</small>


    <button class="navbar-toggler" type="button" data-bs-toggle="collapse" data-bs-target="#navbar" aria-controls="navbar" aria-expanded="false" aria-label="Toggle navigation">
      <span class="navbar-toggler-icon"></span>
    </button>

    <div id="navbar" class="collapse navbar-collapse ms-3">
      <ul class="navbar-nav me-auto"><li class="active nav-item"><a class="nav-link" href="../reference/index.html">Reference</a></li>
<li class="nav-item dropdown">
  <button class="nav-link dropdown-toggle" type="button" id="dropdown-articles" data-bs-toggle="dropdown" aria-expanded="false" aria-haspopup="true">Articles</button>
  <ul class="dropdown-menu" aria-labelledby="dropdown-articles"><li><a class="dropdown-item" href="../articles/a1-det-ex1.html">1. Properties of determinants</a></li>
    <li><a class="dropdown-item" href="../articles/a2-det-ex2.html">2. Evaluation of determinants</a></li>
    <li><a class="dropdown-item" href="../articles/a3-inv-ex1.html">3. Inverse of a matrix</a></li>
    <li><a class="dropdown-item" href="../articles/a4-inv-ex2.html">4. Matrix inversion by elementary row operations</a></li>
    <li><a class="dropdown-item" href="../articles/a5-ginv.html">5. Generalized inverse</a></li>
    <li><a class="dropdown-item" href="../articles/a6-inv-3d.html">6. Linear transformations and matrix inverse in 3D</a></li>
    <li><a class="dropdown-item" href="../articles/a7-eigen-ex1.html">7. Eigenvalues and Eigenvectors: Properties</a></li>
    <li><a class="dropdown-item" href="../articles/a8-eigen-ex2.html">8. Eigenvalues: Spectral Decomposition</a></li>
    <li><a class="dropdown-item" href="../articles/a9-linear-equations.html">9. Solving Linear Equations</a></li>
    <li><a class="dropdown-item" href="../articles/aA-gramreg.html">10. Gram-Schmidt Orthogonalization and Regression</a></li>
    <li><a class="dropdown-item" href="../articles/aB-data-beta.html">11. Vector Spaces of Least Squares and Linear Equations</a></li>
    <li><a class="dropdown-item" href="../articles/latex-equations.html">LaTeX Equations with latexMatrix, Eqn and matrix2latex</a></li>
  </ul></li>
<li class="nav-item"><a class="nav-link" href="../news/index.html">Changelog</a></li>
      </ul><ul class="navbar-nav"><li class="nav-item"><form class="form-inline" role="search">
 <input class="form-control" type="search" name="search-input" id="search-input" autocomplete="off" aria-label="Search site" placeholder="Search for" data-search-index="../search.json"></form></li>
<li class="nav-item"><a class="external-link nav-link" href="https://github.com/friendly/matlib/" aria-label="GitHub"><span class="fa fab fa-github fa-lg"></span></a></li>
      </ul></div>


  </div>
</nav><div class="container template-reference-topic">
<div class="row">
  <main id="main" class="col-md-9"><div class="page-header">
      <img src="../logo.png" class="logo" alt=""><h1>Demonstrate the SVD for a 3 x 3 matrix</h1>
      <small class="dont-index">Source: <a href="https://github.com/friendly/matlib/blob/HEAD/R/svdDemo.R" class="external-link"><code>R/svdDemo.R</code></a></small>
      <div class="d-none name"><code>svdDemo.Rd</code></div>
    </div>

    <div class="ref-description section level2">
    <p>This function draws an <code>rgl</code> scene consisting of a representation of the identity matrix and a
3 x 3 matrix <code>A</code>, together with the corresponding representation of the
matrices U, D, and V in the SVD decomposition,
A = U D V'.</p>
    </div>

    <div class="section level2">
    <h2 id="ref-usage">Usage<a class="anchor" aria-label="anchor" href="#ref-usage"></a></h2>
    <div class="sourceCode"><pre class="sourceCode r"><code><span><span class="fu">svdDemo</span><span class="op">(</span><span class="va">A</span>, shape <span class="op">=</span> <span class="fu"><a href="https://rdrr.io/r/base/c.html" class="external-link">c</a></span><span class="op">(</span><span class="st">"cube"</span>, <span class="st">"sphere"</span><span class="op">)</span>, alpha <span class="op">=</span> <span class="fl">0.7</span>, col <span class="op">=</span> <span class="fu"><a href="https://rdrr.io/r/grDevices/palettes.html" class="external-link">rainbow</a></span><span class="op">(</span><span class="fl">6</span><span class="op">)</span><span class="op">)</span></span></code></pre></div>
    </div>

    <div class="section level2">
    <h2 id="arguments">Arguments<a class="anchor" aria-label="anchor" href="#arguments"></a></h2>


<dl><dt id="arg-a">A<a class="anchor" aria-label="anchor" href="#arg-a"></a></dt>
<dd><p>A 3 x 3 numeric matrix</p></dd>


<dt id="arg-shape">shape<a class="anchor" aria-label="anchor" href="#arg-shape"></a></dt>
<dd><p>Basic shape used to represent the identity matrix: <code>"cube"</code> or <code>"sphere"</code></p></dd>


<dt id="arg-alpha">alpha<a class="anchor" aria-label="anchor" href="#arg-alpha"></a></dt>
<dd><p>transparency value used to draw the shape</p></dd>


<dt id="arg-col">col<a class="anchor" aria-label="anchor" href="#arg-col"></a></dt>
<dd><p>Vector of 6 colors for the faces of the basic cube</p></dd>

</dl></div>
    <div class="section level2">
    <h2 id="value">Value<a class="anchor" aria-label="anchor" href="#value"></a></h2>
    <p>Nothing</p>
    </div>
    <div class="section level2">
    <h2 id="author">Author<a class="anchor" aria-label="anchor" href="#author"></a></h2>
    <p>Original idea from Duncan Murdoch</p>
    </div>

    <div class="section level2">
    <h2 id="ref-examples">Examples<a class="anchor" aria-label="anchor" href="#ref-examples"></a></h2>
    <div class="sourceCode"><pre class="sourceCode r"><code><span class="r-in"><span><span class="va">A</span> <span class="op">&lt;-</span> <span class="fu"><a href="https://rdrr.io/r/base/matrix.html" class="external-link">matrix</a></span><span class="op">(</span><span class="fu"><a href="https://rdrr.io/r/base/c.html" class="external-link">c</a></span><span class="op">(</span><span class="fl">1</span>,<span class="fl">2</span>,<span class="fl">0.1</span>, <span class="fl">0.1</span>,<span class="fl">1</span>,<span class="fl">0.1</span>, <span class="fl">0.1</span>,<span class="fl">0.1</span>,<span class="fl">0.5</span><span class="op">)</span>, <span class="fl">3</span>,<span class="fl">3</span><span class="op">)</span></span></span>
<span class="r-in"><span><span class="fu">svdDemo</span><span class="op">(</span><span class="va">A</span><span class="op">)</span></span></span>
<p id="rgl46061-aria" hidden>3D plot</p>
<div id="rgl46061" style="width:700px;height:432.632880098888px;" class="rglWebGL html-widget" role="img" aria-labelledby="rgl46061-aria"></div>
<script type="application/json" data-for="rgl46061">{"x":{"material":{"color":"#000000","alpha":1,"lit":true,"ambient":"#000000","specular":"#FFFFFF","emission":"#000000","shininess":50,"smooth":true,"front":"filled","back":"filled","size":3,"lwd":1,"fog":true,"point_antialias":false,"line_antialias":false,"texture":null,"textype":"rgb","texmode":"modulate","texmipmap":false,"texminfilter":"linear","texmagfilter":"linear","texenvmap":false,"depth_mask":true,"depth_test":"less","isTransparent":false,"polygon_offset":[0,0],"margin":"","floating":false,"tag":"","blend":["src_alpha","one_minus_src_alpha"]},"rootSubscene":193,"objects":{"212":{"id":212,"type":"quads","material":{"alpha":[0.6980392336845398,0.6980392336845398,0.6980392336845398,0.6980392336845398,0.6980392336845398,0.6980392336845398,0.6980392336845398,0.6980392336845398,0.6980392336845398,0.6980392336845398,0.6980392336845398,0.6980392336845398,0.6980392336845398,0.6980392336845398,0.6980392336845398,0.6980392336845398,0.6980392336845398,0.6980392336845398,0.6980392336845398,0.6980392336845398,0.6980392336845398,0.6980392336845398,0.6980392336845398,0.6980392336845398],"isTransparent":true},"vertices":"0","colors":"2","centers":"3","normals":"1","ignoreExtent":false,"flags":32811},"213":{"id":213,"type":"lines","material":{"lit":false,"lwd":3},"vertices":"4","colors":"5","centers":"6","ignoreExtent":false,"flags":41024},"214":{"id":214,"type":"triangles","material":{"lwd":3},"vertices":"7","colors":"9","centers":"10","normals":"8","ignoreExtent":false,"flags":32771},"215":{"id":215,"type":"triangles","material":{"lwd":3},"vertices":"11","colors":"13","centers":"14","normals":"12","ignoreExtent":false,"flags":32771},"216":{"id":216,"type":"triangles","material":{"lwd":3},"vertices":"15","colors":"17","centers":"18","normals":"16","ignoreExtent":false,"flags":32771},"217":{"id":217,"type":"triangles","material":{"lwd":3},"vertices":"19","colors":"21","centers":"22","normals":"20","ignoreExtent":false,"flags":32771},"218":{"id":218,"type":"triangles","material":{"lwd":3},"vertices":"23","colors":"25","centers":"26","normals":"24","ignoreExtent":false,"flags":32771},"219":{"id":219,"type":"triangles","material":{"lwd":3},"vertices":"27","colors":"29","centers":"30","normals":"28","ignoreExtent":false,"flags":32771},"220":{"id":220,"type":"text","material":{"lit":false,"lwd":3},"vertices":"31","colors":"32","texts":[[""],[""],[""],[""],[""],[""],["x"],["y"],["z"],[" "],[" "],[" "]],"cex":[[1.2]],"adj":[[0.5,0.5,0.5]],"centers":"33","family":[["sans"]],"font":[[1]],"ignoreExtent":false,"flags":33808},"221":{"id":221,"type":"text","material":{"lit":false},"vertices":"34","colors":"35","texts":[["Identity"]],"cex":[[1.5]],"adj":[[0.5,0.5,0.5]],"centers":"36","family":[["sans"]],"font":[[1]],"ignoreExtent":false,"flags":33808},"222":{"id":222,"type":"quads","material":{"alpha":[0.6980392336845398,0.6980392336845398,0.6980392336845398,0.6980392336845398,0.6980392336845398,0.6980392336845398,0.6980392336845398,0.6980392336845398,0.6980392336845398,0.6980392336845398,0.6980392336845398,0.6980392336845398,0.6980392336845398,0.6980392336845398,0.6980392336845398,0.6980392336845398,0.6980392336845398,0.6980392336845398,0.6980392336845398,0.6980392336845398,0.6980392336845398,0.6980392336845398,0.6980392336845398,0.6980392336845398],"isTransparent":true},"vertices":"37","colors":"39","centers":"40","normals":"38","ignoreExtent":false,"flags":32811},"223":{"id":223,"type":"lines","material":{"lit":false,"lwd":3},"vertices":"41","colors":"42","centers":"43","ignoreExtent":false,"flags":41024},"224":{"id":224,"type":"triangles","material":{"lwd":3},"vertices":"44","colors":"46","centers":"47","normals":"45","ignoreExtent":false,"flags":32771},"225":{"id":225,"type":"triangles","material":{"lwd":3},"vertices":"48","colors":"50","centers":"51","normals":"49","ignoreExtent":false,"flags":32771},"226":{"id":226,"type":"triangles","material":{"lwd":3},"vertices":"52","colors":"54","centers":"55","normals":"53","ignoreExtent":false,"flags":32771},"227":{"id":227,"type":"triangles","material":{"lwd":3},"vertices":"56","colors":"58","centers":"59","normals":"57","ignoreExtent":false,"flags":32771},"228":{"id":228,"type":"triangles","material":{"lwd":3},"vertices":"60","colors":"62","centers":"63","normals":"61","ignoreExtent":false,"flags":32771},"229":{"id":229,"type":"triangles","material":{"lwd":3},"vertices":"64","colors":"66","centers":"67","normals":"65","ignoreExtent":false,"flags":32771},"230":{"id":230,"type":"text","material":{"lit":false,"lwd":3},"vertices":"68","colors":"69","texts":[[""],[""],[""],[""],[""],[""],["x"],["y"],["z"],[" "],[" "],[" "]],"cex":[[1.2]],"adj":[[0.5,0.5,0.5]],"centers":"70","family":[["sans"]],"font":[[1]],"ignoreExtent":false,"flags":33808},"231":{"id":231,"type":"text","material":{"lit":false},"vertices":"71","colors":"72","texts":[["A"]],"cex":[[1.5]],"adj":[[0.5,0.5,0.5]],"centers":"73","family":[["sans"]],"font":[[1]],"ignoreExtent":false,"flags":33808},"232":{"id":232,"type":"quads","material":{"alpha":[0.6980392336845398,0.6980392336845398,0.6980392336845398,0.6980392336845398,0.6980392336845398,0.6980392336845398,0.6980392336845398,0.6980392336845398,0.6980392336845398,0.6980392336845398,0.6980392336845398,0.6980392336845398,0.6980392336845398,0.6980392336845398,0.6980392336845398,0.6980392336845398,0.6980392336845398,0.6980392336845398,0.6980392336845398,0.6980392336845398,0.6980392336845398,0.6980392336845398,0.6980392336845398,0.6980392336845398],"isTransparent":true},"vertices":"74","colors":"76","centers":"77","normals":"75","ignoreExtent":false,"flags":32811},"233":{"id":233,"type":"lines","material":{"lit":false,"lwd":3},"vertices":"78","colors":"79","centers":"80","ignoreExtent":false,"flags":41024},"234":{"id":234,"type":"triangles","material":{"lwd":3},"vertices":"81","colors":"83","centers":"84","normals":"82","ignoreExtent":false,"flags":32771},"235":{"id":235,"type":"triangles","material":{"lwd":3},"vertices":"85","colors":"87","centers":"88","normals":"86","ignoreExtent":false,"flags":32771},"236":{"id":236,"type":"triangles","material":{"lwd":3},"vertices":"89","colors":"91","centers":"92","normals":"90","ignoreExtent":false,"flags":32771},"237":{"id":237,"type":"triangles","material":{"lwd":3},"vertices":"93","colors":"95","centers":"96","normals":"94","ignoreExtent":false,"flags":32771},"238":{"id":238,"type":"triangles","material":{"lwd":3},"vertices":"97","colors":"99","centers":"100","normals":"98","ignoreExtent":false,"flags":32771},"239":{"id":239,"type":"triangles","material":{"lwd":3},"vertices":"101","colors":"103","centers":"104","normals":"102","ignoreExtent":false,"flags":32771},"240":{"id":240,"type":"text","material":{"lit":false,"lwd":3},"vertices":"105","colors":"106","texts":[[""],[""],[""],[""],[""],[""],["x"],["y"],["z"],[" "],[" "],[" "]],"cex":[[1.2]],"adj":[[0.5,0.5,0.5]],"centers":"107","family":[["sans"]],"font":[[1]],"ignoreExtent":false,"flags":33808},"241":{"id":241,"type":"text","material":{"lit":false},"vertices":"108","colors":"109","texts":[["U"]],"cex":[[1.5]],"adj":[[0.5,0.5,0.5]],"centers":"110","family":[["sans"]],"font":[[1]],"ignoreExtent":false,"flags":33808},"242":{"id":242,"type":"quads","material":{"alpha":[0.6980392336845398,0.6980392336845398,0.6980392336845398,0.6980392336845398,0.6980392336845398,0.6980392336845398,0.6980392336845398,0.6980392336845398,0.6980392336845398,0.6980392336845398,0.6980392336845398,0.6980392336845398,0.6980392336845398,0.6980392336845398,0.6980392336845398,0.6980392336845398,0.6980392336845398,0.6980392336845398,0.6980392336845398,0.6980392336845398,0.6980392336845398,0.6980392336845398,0.6980392336845398,0.6980392336845398],"isTransparent":true},"vertices":"111","colors":"113","centers":"114","normals":"112","ignoreExtent":false,"flags":32811},"243":{"id":243,"type":"lines","material":{"lit":false,"lwd":3},"vertices":"115","colors":"116","centers":"117","ignoreExtent":false,"flags":41024},"244":{"id":244,"type":"triangles","material":{"lwd":3},"vertices":"118","colors":"120","centers":"121","normals":"119","ignoreExtent":false,"flags":32771},"245":{"id":245,"type":"triangles","material":{"lwd":3},"vertices":"122","colors":"124","centers":"125","normals":"123","ignoreExtent":false,"flags":32771},"246":{"id":246,"type":"triangles","material":{"lwd":3},"vertices":"126","colors":"128","centers":"129","normals":"127","ignoreExtent":false,"flags":32771},"247":{"id":247,"type":"triangles","material":{"lwd":3},"vertices":"130","colors":"132","centers":"133","normals":"131","ignoreExtent":false,"flags":32771},"248":{"id":248,"type":"triangles","material":{"lwd":3},"vertices":"134","colors":"136","centers":"137","normals":"135","ignoreExtent":false,"flags":32771},"249":{"id":249,"type":"triangles","material":{"lwd":3},"vertices":"138","colors":"140","centers":"141","normals":"139","ignoreExtent":false,"flags":32771},"250":{"id":250,"type":"text","material":{"lit":false,"lwd":3},"vertices":"142","colors":"143","texts":[[""],[""],[""],[""],[""],[""],["x"],["y"],["z"],[" "],[" "],[" "]],"cex":[[1.2]],"adj":[[0.5,0.5,0.5]],"centers":"144","family":[["sans"]],"font":[[1]],"ignoreExtent":false,"flags":33808},"251":{"id":251,"type":"text","material":{"lit":false},"vertices":"145","colors":"146","texts":[["D"]],"cex":[[1.5]],"adj":[[0.5,0.5,0.5]],"centers":"147","family":[["sans"]],"font":[[1]],"ignoreExtent":false,"flags":33808},"252":{"id":252,"type":"quads","material":{"alpha":[0.6980392336845398,0.6980392336845398,0.6980392336845398,0.6980392336845398,0.6980392336845398,0.6980392336845398,0.6980392336845398,0.6980392336845398,0.6980392336845398,0.6980392336845398,0.6980392336845398,0.6980392336845398,0.6980392336845398,0.6980392336845398,0.6980392336845398,0.6980392336845398,0.6980392336845398,0.6980392336845398,0.6980392336845398,0.6980392336845398,0.6980392336845398,0.6980392336845398,0.6980392336845398,0.6980392336845398],"isTransparent":true},"vertices":"148","colors":"150","centers":"151","normals":"149","ignoreExtent":false,"flags":32811},"253":{"id":253,"type":"lines","material":{"lit":false,"lwd":3},"vertices":"152","colors":"153","centers":"154","ignoreExtent":false,"flags":41024},"254":{"id":254,"type":"triangles","material":{"lwd":3},"vertices":"155","colors":"157","centers":"158","normals":"156","ignoreExtent":false,"flags":32771},"255":{"id":255,"type":"triangles","material":{"lwd":3},"vertices":"159","colors":"161","centers":"162","normals":"160","ignoreExtent":false,"flags":32771},"256":{"id":256,"type":"triangles","material":{"lwd":3},"vertices":"163","colors":"165","centers":"166","normals":"164","ignoreExtent":false,"flags":32771},"257":{"id":257,"type":"triangles","material":{"lwd":3},"vertices":"167","colors":"169","centers":"170","normals":"168","ignoreExtent":false,"flags":32771},"258":{"id":258,"type":"triangles","material":{"lwd":3},"vertices":"171","colors":"173","centers":"174","normals":"172","ignoreExtent":false,"flags":32771},"259":{"id":259,"type":"triangles","material":{"lwd":3},"vertices":"175","colors":"177","centers":"178","normals":"176","ignoreExtent":false,"flags":32771},"260":{"id":260,"type":"text","material":{"lit":false,"lwd":3},"vertices":"179","colors":"180","texts":[[""],[""],[""],[""],[""],[""],["x"],["y"],["z"],[" "],[" "],[" "]],"cex":[[1.2]],"adj":[[0.5,0.5,0.5]],"centers":"181","family":[["sans"]],"font":[[1]],"ignoreExtent":false,"flags":33808},"261":{"id":261,"type":"text","material":{"lit":false},"vertices":"182","colors":"183","texts":[["V"]],"cex":[[1.5]],"adj":[[0.5,0.5,0.5]],"centers":"184","family":[["sans"]],"font":[[1]],"ignoreExtent":false,"flags":33808},"197":{"id":197,"type":"light","vertices":[[0,0,1]],"colors":[[1,1,1,1],[1,1,1,1],[1,1,1,1]],"viewpoint":true,"finite":false},"199":{"id":199,"type":"background","material":{"lit":false,"back":"lines"},"colors":"185","centers":"186","sphere":false,"fogtype":"none","fogscale":1,"flags":32768},"200":{"id":200,"type":"subscene","par3d":{"antialias":8,"FOV":30,"ignoreExtent":false,"listeners":[200,201,202,203,204,205,206,207,208,209,210,211],"mouseMode":{"none":"none","left":"trackball","right":"zoom","middle":"fov","wheel":"pull"},"observer":[0,0,8.030556678771973],"modelMatrix":[[1,0,0,0],[0,0.3420201539993286,0.9396926164627075,0],[0,-0.9396926164627075,0.3420201539993286,-8.030556678771973],[0,0,0,1]],"projMatrix":[[3.732050657272339,0,0,0],[0,3.304419755935669,0,0],[0,0,-3.863703489303589,-28.94922828674316],[0,0,-1,0]],"skipRedraw":false,"userMatrix":[[1,0,0,0],[0,0.3420201433256682,0.9396926207859085,0],[0,-0.9396926207859085,0.3420201433256682,0],[0,0,0,1]],"userProjection":[[1,0,0,0],[0,1,0,0],[0,0,1,0],[0,0,0,1]],"scale":[1,1,1],"viewport":{"x":0,"y":0.625,"width":0.33203125,"height":0.375},"zoom":1,"bbox":[-1.200000047683716,1.200000047683716,-1.200000047683716,1.200000047683716,-1.200000047683716,1.200000047683716],"windowRect":[34,57,290,313],"family":"sans","font":1,"cex":1,"useFreeType":false,"fontname":"TT Arial","maxClipPlanes":8,"glVersion":4.6,"activeSubscene":0},"embeddings":{"viewport":"replace","projection":"replace","model":"replace","mouse":"inherit"},"objects":[212,213,214,215,216,217,218,219,220,197],"parent":193,"subscenes":[],"flags":42363},"201":{"id":201,"type":"subscene","par3d":{"antialias":8,"FOV":30,"ignoreExtent":false,"listeners":[200,201,202,203,204,205,206,207,208,209,210,211],"mouseMode":{"none":"none","left":"trackball","right":"zoom","middle":"fov","wheel":"pull"},"observer":[0,0,3.86370325088501],"modelMatrix":[[1,0,0,0],[0,0.3420201539993286,0.9396926164627075,0],[0,-0.9396926164627075,0.3420201539993286,-3.86370325088501],[0,0,0,1]],"projMatrix":[[1.405007362365723,0,0,0],[0,3.732050895690918,0,0],[0,0,-3.86370325088501,-13.92820262908936],[0,0,-1,0]],"skipRedraw":false,"userMatrix":[[1,0,0,0],[0,0.3420201433256682,0.9396926207859085,0],[0,-0.9396926207859085,0.3420201433256682,0],[0,0,0,1]],"userProjection":[[1,0,0,0],[0,1,0,0],[0,0,1,0],[0,0,0,1]],"scale":[1,1,1],"viewport":{"x":0,"y":0.5,"width":0.33203125,"height":0.125},"zoom":1,"bbox":[0,0,0,0,0,0],"windowRect":[34,57,290,313],"family":"sans","font":1,"cex":1,"useFreeType":false,"fontname":"TT Arial","maxClipPlanes":8,"glVersion":4.6,"activeSubscene":0},"embeddings":{"viewport":"replace","projection":"replace","model":"replace","mouse":"inherit"},"objects":[221,197],"parent":193,"subscenes":[],"flags":34064},"202":{"id":202,"type":"subscene","par3d":{"antialias":8,"FOV":30,"ignoreExtent":false,"listeners":[200,201,202,203,204,205,206,207,208,209,210,211],"mouseMode":{"none":"none","left":"trackball","right":"zoom","middle":"fov","wheel":"pull"},"observer":[0,0,823.132080078125],"modelMatrix":[[1,0,0,0],[0,0.3420201539993286,0.9396926164627075,0],[0,-0.9396926164627075,0.3420201539993286,-823.132080078125],[0,0,0,1]],"projMatrix":[[3.732050657272339,0,0,0],[0,3.304419994354248,0,0],[0,0,-3.863703727722168,-2967.29638671875],[0,0,-1,0]],"skipRedraw":false,"userMatrix":[[1,0,0,0],[0,0.3420201433256682,0.9396926207859085,0],[0,-0.9396926207859085,0.3420201433256682,0],[0,0,0,1]],"userProjection":[[1,0,0,0],[0,1,0,0],[0,0,1,0],[0,0,0,1]],"scale":[1,1,1],"viewport":{"x":0.33203125,"y":0.625,"width":0.33203125,"height":0.375},"zoom":1,"bbox":[123,-123,123,-123,123,-123],"windowRect":[34,57,290,313],"family":"sans","font":1,"cex":1,"useFreeType":false,"fontname":"TT Arial","maxClipPlanes":8,"glVersion":4.6,"activeSubscene":0},"embeddings":{"viewport":"replace","projection":"replace","model":"replace","mouse":"inherit"},"objects":197,"parent":193,"subscenes":[],"flags":256},"203":{"id":203,"type":"subscene","par3d":{"antialias":8,"FOV":30,"ignoreExtent":false,"listeners":[200,201,202,203,204,205,206,207,208,209,210,211],"mouseMode":{"none":"none","left":"trackball","right":"zoom","middle":"fov","wheel":"pull"},"observer":[0,0,823.132080078125],"modelMatrix":[[1,0,0,0],[0,0.3420201539993286,0.9396926164627075,0],[0,-0.9396926164627075,0.3420201539993286,-823.132080078125],[0,0,0,1]],"projMatrix":[[1.405007362365723,0,0,0],[0,3.732050657272339,0,0],[0,0,-3.863703727722168,-2967.29638671875],[0,0,-1,0]],"skipRedraw":false,"userMatrix":[[1,0,0,0],[0,0.3420201433256682,0.9396926207859085,0],[0,-0.9396926207859085,0.3420201433256682,0],[0,0,0,1]],"userProjection":[[1,0,0,0],[0,1,0,0],[0,0,1,0],[0,0,0,1]],"scale":[1,1,1],"viewport":{"x":0.33203125,"y":0.5,"width":0.33203125,"height":0.125},"zoom":1,"bbox":[123,-123,123,-123,123,-123],"windowRect":[34,57,290,313],"family":"sans","font":1,"cex":1,"useFreeType":false,"fontname":"TT Arial","maxClipPlanes":8,"glVersion":4.6,"activeSubscene":0},"embeddings":{"viewport":"replace","projection":"replace","model":"replace","mouse":"inherit"},"objects":197,"parent":193,"subscenes":[],"flags":256},"204":{"id":204,"type":"subscene","par3d":{"antialias":8,"FOV":30,"ignoreExtent":false,"listeners":[200,201,202,203,204,205,206,207,208,209,210,211],"mouseMode":{"none":"none","left":"trackball","right":"zoom","middle":"fov","wheel":"pull"},"observer":[0,0,13.65478897094727],"modelMatrix":[[1,0,0,0],[0,0.3420201539993286,0.9396926164627075,0],[0,-0.9396926164627075,0.3420201539993286,-13.65478897094727],[0,0,0,1]],"projMatrix":[[3.732050895690918,0,0,0],[0,3.304420232772827,0,0],[0,0,-3.863703727722168,-49.22393798828125],[0,0,-1,0]],"skipRedraw":false,"userMatrix":[[1,0,0,0],[0,0.3420201433256682,0.9396926207859085,0],[0,-0.9396926207859085,0.3420201433256682,0],[0,0,0,1]],"userProjection":[[1,0,0,0],[0,1,0,0],[0,0,1,0],[0,0,0,1]],"scale":[1,1,1],"viewport":{"x":0.6640625,"y":0.625,"width":0.33203125,"height":0.375},"zoom":1,"bbox":[-1.200000047683716,1.200000047683716,-3.099999904632568,3.099999904632568,-1.200000047683716,1.200000047683716],"windowRect":[34,57,290,313],"family":"sans","font":1,"cex":1,"useFreeType":false,"fontname":"TT Arial","maxClipPlanes":8,"glVersion":4.6,"activeSubscene":0},"embeddings":{"viewport":"replace","projection":"replace","model":"replace","mouse":"inherit"},"objects":[222,223,224,225,226,227,228,229,230,197],"parent":193,"subscenes":[],"flags":42363},"205":{"id":205,"type":"subscene","par3d":{"antialias":8,"FOV":30,"ignoreExtent":false,"listeners":[200,201,202,203,204,205,206,207,208,209,210,211],"mouseMode":{"none":"none","left":"trackball","right":"zoom","middle":"fov","wheel":"pull"},"observer":[0,0,3.86370325088501],"modelMatrix":[[1,0,0,0],[0,0.3420201539993286,0.9396926164627075,0],[0,-0.9396926164627075,0.3420201539993286,-3.86370325088501],[0,0,0,1]],"projMatrix":[[1.405007362365723,0,0,0],[0,3.732050895690918,0,0],[0,0,-3.86370325088501,-13.92820262908936],[0,0,-1,0]],"skipRedraw":false,"userMatrix":[[1,0,0,0],[0,0.3420201433256682,0.9396926207859085,0],[0,-0.9396926207859085,0.3420201433256682,0],[0,0,0,1]],"userProjection":[[1,0,0,0],[0,1,0,0],[0,0,1,0],[0,0,0,1]],"scale":[1,1,1],"viewport":{"x":0.6640625,"y":0.5,"width":0.33203125,"height":0.125},"zoom":1,"bbox":[0,0,0,0,0,0],"windowRect":[34,57,290,313],"family":"sans","font":1,"cex":1,"useFreeType":false,"fontname":"TT Arial","maxClipPlanes":8,"glVersion":4.6,"activeSubscene":0},"embeddings":{"viewport":"replace","projection":"replace","model":"replace","mouse":"inherit"},"objects":[231,197],"parent":193,"subscenes":[],"flags":34064},"206":{"id":206,"type":"subscene","par3d":{"antialias":8,"FOV":30,"ignoreExtent":false,"listeners":[200,201,202,203,204,205,206,207,208,209,210,211],"mouseMode":{"none":"none","left":"trackball","right":"zoom","middle":"fov","wheel":"pull"},"observer":[0,0,8.803891181945801],"modelMatrix":[[1,0,0,0],[0,0.3420201539993286,0.9396926164627075,0],[0,-0.9396926164627075,0.3420201539993286,-8.803891181945801],[0,0,0,1]],"projMatrix":[[3.732050657272339,0,0,0],[0,3.304419994354248,0,0],[0,0,-3.863702774047852,-31.73700332641602],[0,0,-1,0]],"skipRedraw":false,"userMatrix":[[1,0,0,0],[0,0.3420201433256682,0.9396926207859085,0],[0,-0.9396926207859085,0.3420201433256682,0],[0,0,0,1]],"userProjection":[[1,0,0,0],[0,1,0,0],[0,0,1,0],[0,0,0,1]],"scale":[1,1,1],"viewport":{"x":0,"y":0.125,"width":0.33203125,"height":0.375},"zoom":1,"bbox":[-1.344589829444885,1.344589829444885,-1.394332528114319,1.394332528114319,-1.200000047683716,1.200000047683716],"windowRect":[34,57,290,313],"family":"sans","font":1,"cex":1,"useFreeType":false,"fontname":"TT Arial","maxClipPlanes":8,"glVersion":4.6,"activeSubscene":0},"embeddings":{"viewport":"replace","projection":"replace","model":"replace","mouse":"inherit"},"objects":[232,233,234,235,236,237,238,239,240,197],"parent":193,"subscenes":[],"flags":42363},"207":{"id":207,"type":"subscene","par3d":{"antialias":8,"FOV":30,"ignoreExtent":false,"listeners":[200,201,202,203,204,205,206,207,208,209,210,211],"mouseMode":{"none":"none","left":"trackball","right":"zoom","middle":"fov","wheel":"pull"},"observer":[0,0,3.86370325088501],"modelMatrix":[[1,0,0,0],[0,0.3420201539993286,0.9396926164627075,0],[0,-0.9396926164627075,0.3420201539993286,-3.86370325088501],[0,0,0,1]],"projMatrix":[[1.405007362365723,0,0,0],[0,3.732050895690918,0,0],[0,0,-3.86370325088501,-13.92820262908936],[0,0,-1,0]],"skipRedraw":false,"userMatrix":[[1,0,0,0],[0,0.3420201433256682,0.9396926207859085,0],[0,-0.9396926207859085,0.3420201433256682,0],[0,0,0,1]],"userProjection":[[1,0,0,0],[0,1,0,0],[0,0,1,0],[0,0,0,1]],"scale":[1,1,1],"viewport":{"x":0,"y":0,"width":0.33203125,"height":0.125},"zoom":1,"bbox":[0,0,0,0,0,0],"windowRect":[34,57,290,313],"family":"sans","font":1,"cex":1,"useFreeType":false,"fontname":"TT Arial","maxClipPlanes":8,"glVersion":4.6,"activeSubscene":0},"embeddings":{"viewport":"replace","projection":"replace","model":"replace","mouse":"inherit"},"objects":[241,197],"parent":193,"subscenes":[],"flags":34064},"208":{"id":208,"type":"subscene","par3d":{"antialias":8,"FOV":30,"ignoreExtent":false,"listeners":[200,201,202,203,204,205,206,207,208,209,210,211],"mouseMode":{"none":"none","left":"trackball","right":"zoom","middle":"fov","wheel":"pull"},"observer":[0,0,11.47779846191406],"modelMatrix":[[1,0,0,0],[0,0.3420201539993286,0.9396926164627075,0],[0,-0.9396926164627075,0.3420201539993286,-11.47779846191406],[0,0,0,1]],"projMatrix":[[3.732050657272339,0,0,0],[0,3.304419755935669,0,0],[0,0,-3.863703489303589,-41.37614059448242],[0,0,-1,0]],"skipRedraw":false,"userMatrix":[[1,0,0,0],[0,0.3420201433256682,0.9396926207859085,0],[0,-0.9396926207859085,0.3420201433256682,0],[0,0,0,1]],"userProjection":[[1,0,0,0],[0,1,0,0],[0,0,1,0],[0,0,0,1]],"scale":[1,1,1],"viewport":{"x":0.33203125,"y":0.125,"width":0.33203125,"height":0.375},"zoom":1,"bbox":[-2.438215970993042,2.438215970993042,-1.200000047683716,1.200000047683716,-1.200000047683716,1.200000047683716],"windowRect":[34,57,290,313],"family":"sans","font":1,"cex":1,"useFreeType":false,"fontname":"TT Arial","maxClipPlanes":8,"glVersion":4.6,"activeSubscene":0},"embeddings":{"viewport":"replace","projection":"replace","model":"replace","mouse":"inherit"},"objects":[242,243,244,245,246,247,248,249,250,197],"parent":193,"subscenes":[],"flags":42363},"209":{"id":209,"type":"subscene","par3d":{"antialias":8,"FOV":30,"ignoreExtent":false,"listeners":[200,201,202,203,204,205,206,207,208,209,210,211],"mouseMode":{"none":"none","left":"trackball","right":"zoom","middle":"fov","wheel":"pull"},"observer":[0,0,3.86370325088501],"modelMatrix":[[1,0,0,0],[0,0.3420201539993286,0.9396926164627075,0],[0,-0.9396926164627075,0.3420201539993286,-3.86370325088501],[0,0,0,1]],"projMatrix":[[1.405007362365723,0,0,0],[0,3.732050895690918,0,0],[0,0,-3.86370325088501,-13.92820262908936],[0,0,-1,0]],"skipRedraw":false,"userMatrix":[[1,0,0,0],[0,0.3420201433256682,0.9396926207859085,0],[0,-0.9396926207859085,0.3420201433256682,0],[0,0,0,1]],"userProjection":[[1,0,0,0],[0,1,0,0],[0,0,1,0],[0,0,0,1]],"scale":[1,1,1],"viewport":{"x":0.33203125,"y":0,"width":0.33203125,"height":0.125},"zoom":1,"bbox":[0,0,0,0,0,0],"windowRect":[34,57,290,313],"family":"sans","font":1,"cex":1,"useFreeType":false,"fontname":"TT Arial","maxClipPlanes":8,"glVersion":4.6,"activeSubscene":0},"embeddings":{"viewport":"replace","projection":"replace","model":"replace","mouse":"inherit"},"objects":[251,197],"parent":193,"subscenes":[],"flags":34064},"210":{"id":210,"type":"subscene","par3d":{"antialias":8,"FOV":30,"ignoreExtent":false,"listeners":[200,201,202,203,204,205,206,207,208,209,210,211],"mouseMode":{"none":"none","left":"trackball","right":"zoom","middle":"fov","wheel":"pull"},"observer":[0,0,8.803891181945801],"modelMatrix":[[1,0,0,0],[0,0.3420201539993286,0.9396926164627075,0],[0,-0.9396926164627075,0.3420201539993286,-8.803891181945801],[0,0,0,1]],"projMatrix":[[3.732050657272339,0,0,0],[0,3.304419994354248,0,0],[0,0,-3.863702774047852,-31.73700332641602],[0,0,-1,0]],"skipRedraw":false,"userMatrix":[[1,0,0,0],[0,0.3420201433256682,0.9396926207859085,0],[0,-0.9396926207859085,0.3420201433256682,0],[0,0,0,1]],"userProjection":[[1,0,0,0],[0,1,0,0],[0,0,1,0],[0,0,0,1]],"scale":[1,1,1],"viewport":{"x":0.6640625,"y":0.125,"width":0.33203125,"height":0.375},"zoom":1,"bbox":[-1.394332528114319,1.394332528114319,-1.344589829444885,1.344589829444885,-1.200000047683716,1.200000047683716],"windowRect":[34,57,290,313],"family":"sans","font":1,"cex":1,"useFreeType":false,"fontname":"TT Arial","maxClipPlanes":8,"glVersion":4.6,"activeSubscene":0},"embeddings":{"viewport":"replace","projection":"replace","model":"replace","mouse":"inherit"},"objects":[252,253,254,255,256,257,258,259,260,197],"parent":193,"subscenes":[],"flags":42363},"211":{"id":211,"type":"subscene","par3d":{"antialias":8,"FOV":30,"ignoreExtent":false,"listeners":[200,201,202,203,204,205,206,207,208,209,210,211],"mouseMode":{"none":"none","left":"trackball","right":"zoom","middle":"fov","wheel":"pull"},"observer":[0,0,3.86370325088501],"modelMatrix":[[1,0,0,0],[0,0.3420201539993286,0.9396926164627075,0],[0,-0.9396926164627075,0.3420201539993286,-3.86370325088501],[0,0,0,1]],"projMatrix":[[1.405007362365723,0,0,0],[0,3.732050895690918,0,0],[0,0,-3.86370325088501,-13.92820262908936],[0,0,-1,0]],"skipRedraw":false,"userMatrix":[[1,0,0,0],[0,0.3420201433256682,0.9396926207859085,0],[0,-0.9396926207859085,0.3420201433256682,0],[0,0,0,1]],"userProjection":[[1,0,0,0],[0,1,0,0],[0,0,1,0],[0,0,0,1]],"scale":[1,1,1],"viewport":{"x":0.6640625,"y":0,"width":0.33203125,"height":0.125},"zoom":1,"bbox":[0,0,0,0,0,0],"windowRect":[34,57,290,313],"family":"sans","font":1,"cex":1,"useFreeType":false,"fontname":"TT Arial","maxClipPlanes":8,"glVersion":4.6,"activeSubscene":0},"embeddings":{"viewport":"replace","projection":"replace","model":"replace","mouse":"inherit"},"objects":[261,197],"parent":193,"subscenes":[],"flags":34064},"193":{"id":193,"type":"subscene","par3d":{"antialias":8,"FOV":30,"ignoreExtent":false,"listeners":193,"mouseMode":{"none":"none","left":"trackball","right":"zoom","middle":"fov","wheel":"pull"},"observer":[0,0,823.132080078125],"modelMatrix":[[1,0,0,0],[0,0.3420201539993286,0.9396926164627075,0],[0,-0.9396926164627075,0.3420201539993286,-823.132080078125],[0,0,0,1]],"projMatrix":[[3.732050657272339,0,0,0],[0,3.732050657272339,0,0],[0,0,-3.863703727722168,-2967.29638671875],[0,0,-1,0]],"skipRedraw":false,"userMatrix":[[1,0,0,0],[0,0.3420201433256682,0.9396926207859085,0],[0,-0.9396926207859085,0.3420201433256682,0],[0,0,0,1]],"userProjection":[[1,0,0,0],[0,1,0,0],[0,0,1,0],[0,0,0,1]],"scale":[1,1,1],"viewport":{"x":0,"y":0,"width":1,"height":1},"zoom":1,"bbox":[123,-123,123,-123,123,-123],"windowRect":[34,57,290,313],"family":"sans","font":1,"cex":1,"useFreeType":false,"fontname":"TT Arial","maxClipPlanes":8,"glVersion":4.6,"activeSubscene":0},"embeddings":{"viewport":"replace","projection":"replace","model":"replace","mouse":"replace"},"objects":[199,197,200,201,202,203,204,205,206,207,208,209,210,211],"subscenes":[200,201,202,203,204,205,206,207,208,209,210,211],"flags":42363}},"crosstalk":{"key":[],"group":[],"id":[],"options":[]},"width":700,"height":432.6328800988875,"buffer":{"accessors":[{"bufferView":0,"com